	[Abort List]
	OID	CID	Delay	Abort
[1] 	111	0	0	6
[2] 	115	0	0	6
[3] 	116	0	0	6
[4] 	119	0	0	6
[5] 	298	0	0	6
[6] 	267	0	0	30
[7] 	274	0	0	50
[8] 	206	0	0	97
[9] 	122	0	0	250
[10] 	121	1	500	501
[11] 	272	1	500	501
[12] 	131	1	499	501
[13] 	102	0	0	601
[14] 	103	0	0	601
[15] 	104	0	0	601
[16] 	105	0	0	601
[17] 	106	0	0	601
[18] 	107	0	0	603
[19] 	108	0	0	604
[20] 	132	1	70	670
[21] 	101	1	156	757
	[Timeout List]
	OID	CID	Delay	Departure
[1] 	370 	1 	87 	670
[2] 	231 	1 	70 	757
[Total Delay]
1882 min.
[Failure Percentage]
88.46%
