	[Abort List]
	OID	CID	Delay	Abort
[1] 	23	1	110	160
[2] 	12	0	0	160
[3] 	13	0	0	160
[4] 	14	0	0	160
[5] 	15	0	0	160
[6] 	16	0	0	160
[7] 	66	0	0	160
[8] 	67	0	0	160
[9] 	68	0	0	160
[10] 	69	0	0	160
[11] 	24	0	0	161
[12] 	25	0	0	161
[13] 	32	0	0	165
[14] 	33	0	0	165
[15] 	34	0	0	165
[16] 	35	0	0	167
[17] 	55	1	20	170
[18] 	10	1	10	170
[19] 	11	1	10	170
[20] 	49	0	0	176
[21] 	46	1	4	177
[22] 	48	1	7	180
	[Timeout List]
	OID	CID	Delay	Departure
[1] 	54 	1 	110 	170
[2] 	47 	1 	4 	180
[Total Delay]
275 min.
[Failure Percentage]
88.89%
